# Created by Octave 3.8.2, Thu Jul 16 11:56:16 2015 COT <scvalencia606@Sebastians-MacBook-Pro-2.local>
# name: v
# type: matrix
# rows: 10
# columns: 1
 1239
 2419
 1819
 2649
 1631
 2558
 1178
 2622
 2315
 2556


